year,age,sex,people
2009,0,1,218696
2009,0,2,206510
2009,10,1,309001
2009,10,2,282439
2009,15,1,352711
2009,15,2,315320
2009,20,1,337828
2009,20,2,338095
2009,25,1,478739
2009,25,2,486868
2009,30,1,463476
2009,30,2,451498
2009,35,1,491896
2009,35,2,470395
2009,40,1,431438
2009,40,2,430559
2009,45,1,424648
2009,45,2,438292
2009,5,1,244639
2009,5,2,228271
2009,50,1,393363
2009,50,2,422696
2009,55,1,282870
2009,55,2,299737
2009,60,1,228484
2009,60,2,244076
2009,65,1,185270
2009,65,2,196332
2009,70,1,117548
2009,70,2,143115
2009,75,1,56847
2009,75,2,92931
2009,80,1,26317
2009,80,2,59403
2009,85,1,11799
2009,85,2,29930
2009,90,1,3055
2009,90,2,9900
2009,95,1,568
2009,95,2,2271
