year,age,sex,people
2008,0,1,223487
2008,0,2,210434
2008,10,1,322837
2008,10,2,291955
2008,15,1,347077
2008,15,2,312052
2008,20,1,344329
2008,20,2,346859
2008,25,1,500324
2008,25,2,509741
2008,30,1,468005
2008,30,2,447607
2008,35,1,496697
2008,35,2,476353
2008,40,1,422655
2008,40,2,422063
2008,45,1,429484
2008,45,2,447668
2008,5,1,257341
2008,5,2,239253
2008,50,1,378830
2008,50,2,405353
2008,55,1,271364
2008,55,2,286357
2008,60,1,219861
2008,60,2,232789
2008,65,1,182018
2008,65,2,193057
2008,70,1,107304
2008,70,2,134569
2008,75,1,51735
2008,75,2,87900
2008,80,1,23979
2008,80,2,54916
2008,85,1,11233
2008,85,2,28338
2008,90,1,2625
2008,90,2,9365
2008,95,1,572
2008,95,2,2030
2009,0,1,218696
2009,0,2,206510
2009,10,1,309001
2009,10,2,282439
2009,15,1,352711
2009,15,2,315320
2009,20,1,337828
2009,20,2,338095
2009,25,1,478739
2009,25,2,486868
2009,30,1,463476
2009,30,2,451498
2009,35,1,491896
2009,35,2,470395
2009,40,1,431438
2009,40,2,430559
2009,45,1,424648
2009,45,2,438292
2009,5,1,244639
2009,5,2,228271
2009,50,1,393363
2009,50,2,422696
2009,55,1,282870
2009,55,2,299737
2009,60,1,228484
2009,60,2,244076
2009,65,1,185270
2009,65,2,196332
2009,70,1,117548
2009,70,2,143115
2009,75,1,56847
2009,75,2,92931
2009,80,1,26317
2009,80,2,59403
2009,85,1,11799
2009,85,2,29930
2009,90,1,3055
2009,90,2,9900
2009,95,1,568
2009,95,2,2271
2010,0,1,218628
2010,0,2,206663
2010,10,1,299565
2010,10,2,275494
2010,15,1,354723
2010,15,2,318207
2010,20,1,334211
2010,20,2,331236
2010,25,1,454593
2010,25,2,463644
2010,30,1,469905
2010,30,2,458633
2010,35,1,480353
2010,35,2,460556
2010,40,1,450114
2010,40,2,443804
2010,45,1,425962
2010,45,2,429668
2010,5,1,224163
2010,5,2,210067
2010,50,1,412698
2010,50,2,439396
2010,55,1,311136
2010,55,2,334459
2010,60,1,241886
2010,60,2,260011
2010,65,1,190699
2010,65,2,202568
2010,70,1,127190
2010,70,2,149974
2010,75,1,65913
2010,75,2,101022
2010,80,1,29867
2010,80,2,64573
2010,85,1,13028
2010,85,2,32981
2010,90,1,4389
2010,90,2,12103
2010,95,1,1262
2010,95,2,3678
2011,0,1,217099
2011,0,2,206060
2011,10,1,284211
2011,10,2,262310
2011,15,1,346341
2011,15,2,310655
2011,20,1,337208
2011,20,2,333221
2011,25,1,425224
2011,25,2,434166
2011,30,1,473659
2011,30,2,465605
2011,35,1,454415
2011,35,2,438263
2011,40,1,461689
2011,40,2,460050
2011,45,1,413722
2011,45,2,409129
2011,5,1,213296
2011,5,2,200193
2011,50,1,421065
2011,50,2,446742
2011,55,1,332974
2011,55,2,359313
2011,60,1,239941
2011,60,2,258378
2011,65,1,190828
2011,65,2,205191
2011,70,1,137206
2011,70,2,158189
2011,75,1,73276
2011,75,2,107363
2011,80,1,31869
2011,80,2,67032
2011,85,1,13210
2011,85,2,34398
2011,90,1,4590
2011,90,2,12901
2011,95,1,1182
2011,95,2,3929
2012,0,1,214127
2012,0,2,202979
2012,10,1,265630
2012,10,2,245316
2012,15,1,333823
2012,15,2,301740
2012,20,1,345267
2012,20,2,338720
2012,25,1,397714
2012,25,2,407243
2012,30,1,476655
2012,30,2,467077
2012,35,1,433603
2012,35,2,424907
2012,40,1,466424
2012,40,2,459616
2012,45,1,404264
2012,45,2,405475
2012,5,1,210558
2012,5,2,198323
2012,50,1,420674
2012,50,2,442137
2012,55,1,343207
2012,55,2,370318
2012,60,1,247439
2012,60,2,266499
2012,65,1,191499
2012,65,2,210295
2012,70,1,153800
2012,70,2,172628
2012,75,1,80347
2012,75,2,113264
2012,80,1,35037
2012,80,2,69784
2012,85,1,13915
2012,85,2,36400
2012,90,1,5098
2012,90,2,14200
2012,95,1,1259
2012,95,2,4131